=== Задание 3: Аффинные штрафы за гэпы ===
Последовательность 1: ATGCAGCAGCAGCCA
Последовательность 2: ATATAT

--- Линейный штраф: Gap = -4 ---
Score = -30
Матрица F (фрагмент, последние строки/столбцы):
[[   0   -4   -8  -12  -16  -20  -24]
 [  -4    3   -1   -5   -9  -13  -17]
 [  -8   -1    6    2   -2   -6  -10]
 [ -12   -5    2    3   -1   -5   -9]
 [ -16   -9   -2   -1    0   -4   -8]
 [ -20  -13   -6    1   -3    3   -1]
 [ -24  -17  -10   -3   -2   -1    0]
 [ -28  -21  -14   -7   -6   -5   -4]
 [ -32  -25  -18  -11  -10   -3   -7]
 [ -36  -29  -22  -15  -14   -7   -6]
 [ -40  -33  -26  -19  -18  -11  -10]
 [ -44  -37  -30  -23  -22  -15  -14]
 [ -48  -41  -34  -27  -26  -19  -18]
 [ -52  -45  -38  -31  -30  -23  -22]
 [ -56  -49  -42  -35  -34  -27  -26]
 [ -60  -53  -46  -39  -38  -31  -30]]
Выравнивание:
ATGCAGCAGCAGCCA
AT-----A-TA---T

--- Аффинный штраф: Open = -10, Extend = -1 ---
Score = -18
Матрица M (значения -999 = минус бесконечность):
[[   0 -999 -999 -999 -999 -999 -999]
 [-999    3  -13   -8  -15  -10  -17]
 [-999  -13    6  -10   -5  -12   -7]
 [-999  -14  -10    3   -7   -8   -9]
 [-999  -15  -11   -7    0  -10  -11]
 [-999  -10  -12   -2  -10    3  -13]
 [-999  -17  -13   -9   -5  -13    0]
 [-999  -18  -14  -10  -12   -8  -10]
 [-999  -13  -15   -5  -13   -9  -11]
 [-999  -20  -16  -12   -8  -16  -12]
 [-999  -21  -17  -13  -15  -11  -13]
 [-999  -16  -18   -8  -16  -12  -14]
 [-999  -23  -19  -15  -11  -19  -15]
 [-999  -24  -20  -16  -18  -14  -16]
 [-999  -25  -21  -17  -19  -21  -17]
 [-999  -20  -22  -12  -20  -16  -18]]
Выравнивание:
ATGCAGCAGCAGCCA
ATATAT---------

Биологическая интерпретация аффинной модели:
Аффинная модель лучше описывает реальные индели в ДНК/белках: одна длинная делеция/вставка
часто возникает как одно событие (один штраф за открытие), а не как множество независимых
однонуклеотидных гэпов. Поэтому открытие гэпа штрафуется сильнее (Open), а продолжение — слабее (Extend).