=== Задание 7: CpG islands ===
start	end	R(CG)	GC%
10270	10470	1.844	55.0
10271	10471	1.844	55.0
10272	10472	1.861	55.0
10273	10473	1.241	55.5
10274	10474	1.241	55.5
10275	10475	1.241	55.5
10276	10476	1.241	55.5
10277	10477	1.241	55.5
10278	10478	1.241	55.5
10279	10479	1.241	55.5
10280	10480	1.229	56.0
10281	10481	1.229	56.0
10282	10482	0.931	56.0
10283	10483	0.931	56.0
10284	10484	0.931	56.0
10285	10485	1.117	56.5
10286	10486	0.931	57.0
10287	10487	0.922	57.5
10288	10488	0.922	57.5
10289	10489	0.922	57.5
10290	10490	1.064	57.5
10291	10491	1.064	57.5
10292	10492	1.054	58.0
10293	10493	1.044	58.5
10294	10494	1.153	58.5
10295	10495	1.153	58.5
10296	10496	1.153	58.5
10297	10497	1.153	58.5
10298	10498	1.229	59.0
10299	10499	1.106	59.5
10300	10500	1.015	59.5
10301	10501	1.025	59.0
10302	10502	1.025	59.0
10303	10503	1.034	58.5
10304	10504	0.948	59.0
10305	10505	0.948	59.0
10306	10506	0.948	59.0
10307	10507	0.948	59.0
10308	10508	0.957	58.5
10309	10509	0.892	58.5
10310	10510	0.892	58.5
10311	10511	0.828	59.0
10312	10512	0.781	59.0
10313	10513	0.788	58.5
10314	10514	0.746	58.5
10315	10515	0.754	58.0
10316	10516	0.754	58.0
10317	10517	0.746	58.5
10318	10518	0.754	58.0
10319	10519	0.717	58.0
10320	10520	0.724	57.5
10321	10521	0.691	57.5
10322	10522	0.684	58.0
10323	10523	0.684	58.0
10324	10524	0.684	58.0
10325	10525	0.684	58.0
10326	10526	0.763	58.0
10327	10527	0.756	58.5
10328	10528	0.748	59.0
10329	10529	0.748	59.0
10330	10530	0.756	58.5
10331	10531	0.756	58.5
10332	10532	0.763	58.0
10333	10533	0.733	58.0
10334	10534	0.733	58.0
10335	10535	0.698	58.5
10336	10536	0.698	58.5
10337	10537	0.705	58.0
10338	10538	0.705	58.0
10339	10539	0.705	58.0
10340	10540	0.705	58.0
10341	10541	0.698	58.5
10342	10542	0.691	59.0
10343	10543	0.761	59.0
10344	10544	0.769	58.5
10345	10545	0.778	58.0
10346	10546	0.778	58.0
10347	10547	0.778	58.0
10348	10548	0.769	58.5
10349	10549	0.778	58.0
10350	10550	0.752	58.0
10351	10551	0.760	57.5
10352	10552	0.728	58.0
10353	10553	0.720	58.5
10354	10554	0.728	58.0
10355	10555	0.707	58.0
10356	10556	0.715	57.5
10357	10557	0.687	58.0
10358	10558	0.662	58.5
10359	10559	0.662	58.5
10360	10560	0.662	58.5
10361	10561	0.669	58.0
10362	10562	0.677	57.5
10363	10563	0.669	58.0
10364	10564	0.726	58.5
10365	10565	0.718	59.0
10366	10566	0.726	58.5
10367	10567	0.709	58.5
10368	10568	0.709	58.5
10369	10569	0.709	58.5
10370	10570	0.701	59.0
10371	10571	0.693	59.5
10372	10572	0.753	59.5
10373	10573	0.753	59.5
10374	10574	0.753	59.5
10375	10575	0.744	60.0
10376	10576	0.744	60.0
10377	10577	0.736	60.5
10378	10578	0.792	60.5
10379	10579	0.792	60.5
10380	10580	0.847	60.5
10381	10581	0.821	61.0
10382	10582	0.821	61.0
10383	10583	0.797	61.5
10384	10584	0.797	61.5
10385	10585	0.806	61.0
10386	10586	0.806	61.0
10387	10587	0.806	61.0
10388	10588	0.797	61.5
10389	10589	0.788	62.0
10390	10590	0.839	62.0
10391	10591	0.825	62.0
10392	10592	0.812	62.0
10393	10593	0.821	61.5
10394	10594	0.812	62.0
10395	10595	0.812	62.0
10396	10596	0.790	62.5
10397	10597	0.800	62.0
10398	10598	0.788	62.0
10399	10599	0.788	62.0
10400	10600	0.798	61.5
10401	10601	0.778	62.0
10402	10602	0.778	62.0
10403	10603	0.759	62.5
10404	10604	0.750	62.5
10405	10605	0.759	62.0
10406	10606	0.750	62.0
10407	10607	0.750	62.0
10408	10608	0.750	62.0
10409	10609	0.741	62.5
10410	10610	0.790	62.5
10411	10611	0.790	62.5
10412	10612	0.799	62.0
10413	10613	0.799	62.0
10414	10614	0.790	62.5
10415	10615	0.790	62.5
10416	10616	0.790	62.5
10417	10617	0.790	62.5
10418	10618	0.838	62.5
10419	10619	0.827	63.0
10420	10620	0.817	63.5
10421	10621	0.853	64.0
10422	10622	0.863	63.5
10423	10623	0.874	63.0
10424	10624	0.866	63.0
10425	10625	0.855	63.5
10426	10626	0.855	63.5
10427	10627	0.855	63.5
10428	10628	0.866	63.0
10429	10629	0.859	63.0
10430	10630	0.852	63.0
10431	10631	0.841	63.5
10432	10632	0.876	64.0
10433	10633	0.865	64.5
10434	10634	0.910	64.5
10435	10635	0.910	64.5
10436	10636	0.910	64.5
10437	10637	0.942	65.0
10438	10638	0.930	65.5
10439	10639	0.960	66.0
10440	10640	0.960	66.0
10441	10641	0.960	66.0
10442	10642	1.002	66.0
10443	10643	0.997	66.0
10444	10644	0.984	66.5
10445	10645	1.012	67.0
10446	10646	1.000	67.5
10447	10647	1.012	67.0
10448	10648	1.008	67.0
10449	10649	1.003	67.0
10450	10650	0.990	67.5
10451	10651	1.018	68.0
10452	10652	1.005	68.5
10453	10653	1.018	68.0
10454	10654	1.014	68.0
10455	10655	1.027	67.5
10456	10656	1.011	68.0
10457	10657	1.011	68.0
10458	10658	0.994	68.5
10459	10659	0.992	68.5
10460	10660	0.992	68.5
10461	10661	1.033	68.5
10462	10662	1.019	69.0
10463	10663	1.045	69.5
10464	10664	1.031	70.0
10465	10665	1.031	70.0
10466	10666	1.070	70.0
10467	10667	1.070	70.0
10468	10668	1.095	70.5
10469	10669	1.054	70.5
10470	10670	1.056	70.5
10471	10671	1.054	70.5
10472	10672	1.054	70.5
10473	10673	1.056	70.5
10474	10674	1.080	71.0
10475	10675	1.066	71.5
10476	10676	1.080	71.0
10477	10677	1.079	71.0
10478	10678	1.077	71.0
10479	10679	1.063	71.5
10480	10680	1.101	71.5
10481	10681	1.087	72.0
10482	10682	1.102	71.5
10483	10683	1.101	71.5
10484	10684	1.077	71.0
10485	10685	1.077	71.0
10486	10686	1.092	70.5
10487	10687	1.092	70.5
10488	10688	1.092	70.5
10489	10689	1.052	70.5
10490	10690	1.092	70.5
10491	10691	1.092	70.5
10492	10692	1.133	70.5
10493	10693	1.092	70.5
10494	10694	1.092	70.5
10495	10695	1.133	70.5
10496	10696	1.133	70.5
10497	10697	1.134	70.5
10498	10698	1.133	70.5
10499	10699	1.132	70.5
10500	10700	1.173	70.5
10501	10701	1.157	71.0
10502	10702	1.157	71.0
10503	10703	1.180	71.5
10504	10704	1.180	71.5
10505	10705	1.180	71.5
10506	10706	1.180	71.5
10507	10707	1.181	71.5
10508	10708	1.164	72.0
10509	10709	1.203	72.0
10510	10710	1.186	72.5
10511	10711	1.202	72.0
10512	10712	1.202	72.0
10513	10713	1.202	72.0
10514	10714	1.202	72.0
10515	10715	1.202	72.0
10516	10716	1.186	72.5
10517	10717	1.187	72.5
10518	10718	1.170	73.0
10519	10719	1.208	73.0
10520	10720	1.191	73.5
10521	10721	1.228	73.5
10522	10722	1.228	73.5
10523	10723	1.212	74.0
10524	10724	1.249	74.0
10525	10725	1.212	74.0
10526	10726	1.249	74.0
10527	10727	1.249	74.0
10528	10728	1.249	74.0
10529	10729	1.269	74.5
10530	10730	1.253	75.0
10531	10731	1.253	75.0
10532	10732	1.272	75.5
10533	10733	1.271	75.5
10534	10734	1.271	75.5
10535	10735	1.271	75.5
10536	10736	1.255	76.0
10537	10737	1.238	76.5
10538	10738	1.273	76.5
10539	10739	1.273	76.5
10540	10740	1.273	76.5
10541	10741	1.275	76.5
10542	10742	1.258	76.0
10543	10743	1.258	76.0
10544	10744	1.258	76.0
10545	10745	1.243	76.5
10546	10746	1.228	77.0
10547	10747	1.211	77.5
10548	10748	1.247	77.5
10549	10749	1.230	78.0
10550	10750	1.263	78.0
10551	10751	1.246	78.5
10552	10752	1.244	78.5
10553	10753	1.278	78.5
10554	10754	1.261	79.0
10555	10755	1.293	79.0
10556	10756	1.276	79.5
10557	10757	1.275	79.5
10558	10758	1.306	79.5
10559	10759	1.291	80.0
10560	10760	1.291	80.0
10561	10761	1.307	80.5
10562	10762	1.290	81.0
10563	10763	1.276	80.5
10564	10764	1.276	80.5
10565	10765	1.278	80.5
10566	10766	1.261	81.0
10567	10767	1.292	81.0
10568	10768	1.292	81.0
10569	10769	1.292	81.0
10570	10770	1.294	81.0
10571	10771	1.280	80.5
10572	10772	1.280	80.5
10573	10773	1.298	80.0
10574	10774	1.301	80.0
10575	10775	1.304	80.0
10576	10776	1.286	80.5
10577	10777	1.290	80.5
10578	10778	1.286	80.5
10579	10779	1.290	80.5
10580	10780	1.286	80.5
10581	10781	1.283	80.5
10582	10782	1.299	81.0
10583	10783	1.296	81.0
10584	10784	1.330	81.0
10585	10785	1.312	81.5
10586	10786	1.312	81.5
10587	10787	1.328	82.0
10588	10788	1.331	82.0
10589	10789	1.301	82.0
10590	10790	1.331	82.0
10591	10791	1.328	82.0
10592	10792	1.343	81.5
10593	10793	1.328	82.0
10594	10794	1.331	82.0
10595	10795	1.313	82.5
10596	10796	1.343	82.5
10597	10797	1.325	83.0
10598	10798	1.340	82.5
10599	10799	1.343	82.5
10600	10800	1.343	82.5
10601	10801	1.340	82.5
10602	10802	1.340	82.5
10603	10803	1.337	82.5
10604	10804	1.352	82.0
10605	10805	1.352	82.0
10606	10806	1.352	82.0
10607	10807	1.335	82.5
10608	10808	1.335	82.5
10609	10809	1.322	82.0
10610	10810	1.322	82.0
10611	10811	1.322	82.0
10612	10812	1.337	82.5
10613	10813	1.320	83.0
10614	10814	1.352	83.0
10615	10815	1.352	83.0
10616	10816	1.352	83.0
10617	10817	1.355	83.0
10618	10818	1.355	83.0
10619	10819	1.358	83.0
10620	10820	1.332	83.0
10621	10821	1.347	82.5
10622	10822	1.332	83.0
10623	10823	1.318	83.5
10624	10824	1.332	83.0
10625	10825	1.336	83.0
10626	10826	1.322	83.5
10627	10827	1.304	84.0
10628	10828	1.319	84.5
10629	10829	1.333	84.0
10630	10830	1.333	84.0
10631	10831	1.309	84.0
10632	10832	1.304	84.0
10633	10833	1.309	84.0
10634	10834	1.304	84.0
10635	10835	1.322	83.5
10636	10836	1.298	83.5
10637	10837	1.298	83.5
10638	10838	1.268	83.5
10639	10839	1.298	83.5
10640	10840	1.298	83.5
10641	10841	1.286	83.0
10642	10842	1.286	83.0
10643	10843	1.300	82.5
10644	10844	1.274	82.5
10645	10845	1.288	82.0
10646	10846	1.293	82.0
10647	10847	1.280	82.5
10648	10848	1.274	82.5
10649	10849	1.305	82.5
10650	10850	1.274	82.5
10651	10851	1.305	82.5
10652	10852	1.305	82.5
10653	10853	1.286	83.0
10654	10854	1.316	83.0
10655	10855	1.298	83.5
10656	10856	1.327	83.5
10657	10857	1.309	84.0
10658	10858	1.304	84.0
10659	10859	1.333	84.0
10660	10860	1.309	84.0
10661	10861	1.304	84.0
10662	10862	1.309	84.0
10663	10863	1.304	84.0
10664	10864	1.322	83.5
10665	10865	1.298	83.5
10666	10866	1.298	83.5
10667	10867	1.268	83.5
10668	10868	1.298	83.5
10669	10869	1.298	83.5
10670	10870	1.286	83.0
10671	10871	1.286	83.0
10672	10872	1.300	82.5
10673	10873	1.274	82.5
10674	10874	1.288	82.0
10675	10875	1.288	82.0
10676	10876	1.288	82.0
10677	10877	1.283	82.0
10678	10878	1.297	81.5
10679	10879	1.284	81.0
10680	10880	1.284	81.0
10681	10881	1.284	81.0
10682	10882	1.284	81.0
10683	10883	1.298	80.5
10684	10884	1.280	81.0
10685	10885	1.276	81.0
10686	10886	1.292	81.5
10687	10887	1.288	81.5
10688	10888	1.319	81.5
10689	10889	1.307	81.0
10690	10890	1.303	81.0
10691	10891	1.272	81.0
10692	10892	1.286	80.5
10693	10893	1.290	80.5
10694	10894	1.262	80.5
10695	10895	1.262	80.5
10696	10896	1.235	80.5
10697	10897	1.248	80.0
10698	10898	1.253	80.0
10699	10899	1.226	80.0
10700	10900	1.239	79.5
10701	10901	1.239	79.5
10702	10902	1.212	79.5
10703	10903	1.207	79.5
10704	10904	1.244	79.5
10705	10905	1.244	79.5
10706	10906	1.244	79.5
10707	10907	1.244	79.5
10708	10908	1.212	79.5
10709	10909	1.244	79.5
10710	10910	1.244	79.5
10711	10911	1.244	79.5
10712	10912	1.244	79.5
10713	10913	1.231	80.0
10714	10914	1.226	80.0
10715	10915	1.245	80.5
10716	10916	1.240	80.5
10717	10917	1.253	80.0
10718	10918	1.226	80.0
10719	10919	1.239	79.5
10720	10920	1.212	79.5
10721	10921	1.225	79.0
10722	10922	1.230	79.0
10723	10923	1.203	79.0
10724	10924	1.197	79.0
10725	10925	1.203	79.0
10726	10926	1.197	79.0
10727	10927	1.216	78.5
10728	10928	1.182	78.5
10729	10929	1.176	78.5
10730	10930	1.210	78.5
10731	10931	1.176	78.5
10732	10932	1.210	78.5
10733	10933	1.210	78.5
10734	10934	1.192	79.0
10735	10935	1.225	79.0
10736	10936	1.225	79.0
10737	10937	1.192	79.0
10738	10938	1.225	79.0
10739	10939	1.225	79.0
10740	10940	1.225	79.0
10741	10941	1.225	79.0
10742	10942	1.212	79.5
10743	10943	1.207	79.5
10744	10944	1.226	80.0
10745	10945	1.221	80.0
10746	10946	1.234	79.5
10747	10947	1.207	79.5
10748	10948	1.220	79.0
10749	10949	1.192	79.0
10750	10950	1.205	78.5
10751	10951	1.205	78.5
10752	10952	1.189	78.0
10753	10953	1.184	78.0
10754	10954	1.168	77.5
10755	10955	1.181	77.0
10756	10956	1.186	77.0
10757	10957	1.152	77.0
10758	10958	1.165	76.5
10759	10959	1.178	76.0
10760	10960	1.147	76.0
10761	10961	1.142	76.0
10762	10962	1.183	76.0
10763	10963	1.165	76.5
10764	10964	1.200	76.5
10765	10965	1.213	76.0
10766	10966	1.178	76.0
10767	10967	1.173	76.0
10768	10968	1.191	75.5
10769	10969	1.178	76.0
10770	10970	1.178	76.0
10771	10971	1.165	76.5
10772	10972	1.165	76.5
10773	10973	1.165	76.5
10774	10974	1.165	76.5
10775	10975	1.165	76.5
10776	10976	1.147	76.0
10777	10977	1.147	76.0
10778	10978	1.117	76.0
10779	10979	1.111	76.0
10780	10980	1.153	76.0
10781	10981	1.135	75.5
10782	10982	1.135	75.5
10783	10983	1.104	75.5
10784	10984	1.098	75.5
10785	10985	1.141	75.5
10786	10986	1.104	75.5
10787	10987	1.117	75.0
10788	10988	1.117	75.0
10789	10989	1.086	75.0
10790	10990	1.079	75.0
10791	10991	1.123	75.0
10792	10992	1.104	75.5
10793	10993	1.117	75.0
10794	10994	1.117	75.0
10795	10995	1.098	74.5
10796	10996	1.098	74.5
10797	10997	1.117	74.0
10798	10998	1.098	74.5
10799	10999	1.136	74.5
10800	11000	1.117	75.0
10801	11001	1.136	74.5
10802	11002	1.136	74.5
10803	11003	1.143	74.5
10804	11004	1.123	75.0
10805	11005	1.104	75.5
10806	11006	1.117	75.0
10807	11007	1.136	74.5
10808	11008	1.117	75.0
10809	11009	1.141	75.5
10810	11010	1.141	75.5
10811	11011	1.111	75.5
10812	11012	1.104	75.5
10813	11013	1.111	75.5
10814	11014	1.111	75.5
10815	11015	1.099	76.0
10816	11016	1.069	76.0
10817	11017	1.069	76.0
10818	11018	1.081	75.5
10819	11019	1.092	75.0
10820	11020	1.092	75.0
10821	11021	1.081	75.5
10822	11022	1.081	75.5
10823	11023	1.081	75.5
10824	11024	1.069	76.0
10825	11025	1.069	76.0
10826	11026	1.069	76.0
10827	11027	1.032	76.0
10828	11028	1.069	76.0
10829	11029	1.069	76.0
10830	11030	1.069	76.0
10831	11031	1.081	75.5
10832	11032	1.050	75.5
10833	11033	1.062	75.0
10834	11034	1.081	74.5
10835	11035	1.069	75.0
10836	11036	1.062	75.0
10837	11037	1.073	74.5
10838	11038	1.042	74.5
10839	11039	1.042	74.5
10840	11040	1.061	74.0
10841	11041	1.050	74.5
10842	11042	1.042	74.5
10843	11043	1.042	74.5
10844	11044	1.053	74.0
10845	11045	1.053	74.0
10846	11046	1.053	74.0
10847	11047	1.065	73.5
10848	11048	1.026	73.5
10849	11049	1.065	73.5
10850	11050	1.026	73.5
10851	11051	1.037	73.0
10852	11052	1.037	73.0
10853	11053	1.044	73.0
10854	11054	1.044	73.0
10855	11055	1.004	73.0
10856	11056	1.044	73.0
10857	11057	1.044	73.0
10858	11058	1.004	73.0
10859	11059	1.044	73.0
10860	11060	1.044	73.0
10861	11061	1.011	73.0
10862	11062	1.004	73.0
10863	11063	1.023	72.5
10864	11064	1.011	73.0
10865	11065	1.011	73.0
10866	11066	1.011	73.0
10867	11067	0.979	73.0
10868	11068	0.971	73.0
10869	11069	1.020	73.0
10870	11070	1.009	73.5
10871	11071	1.009	73.5
10872	11072	0.998	74.0
10873	11073	0.998	74.0
10874	11074	0.988	74.5
10875	11075	1.007	74.0
10876	11076	0.996	74.5
10877	11077	1.005	74.5
10878	11078	0.995	75.0
10879	11079	0.995	75.0
10880	11080	0.995	75.0
10881	11081	1.005	75.0
10882	11082	0.985	75.5
10883	11083	1.015	76.0
10884	11084	1.015	76.0
10885	11085	0.976	76.0
10886	11086	1.015	76.0
10887	11087	0.995	75.5
10888	11088	0.995	75.5
10889	11089	0.976	76.0
10890	11090	0.995	75.5
10891	11091	0.995	75.5
10892	11092	1.025	76.0
10893	11093	1.015	76.0
10894	11094	1.054	76.0
10895	11095	1.044	76.0
10896	11096	1.054	75.5
10897	11097	1.044	76.0
10898	11098	1.054	75.5
10899	11099	1.065	75.0
10900	11100	1.065	75.0
10901	11101	1.056	75.0
10902	11102	1.067	74.5
10903	11103	1.027	74.5
10904	11104	1.038	74.0
10905	11105	1.019	74.5
10906	11106	1.058	74.5
10907	11107	1.069	74.0
10908	11108	1.030	74.0
10909	11109	1.041	73.5
10910	11110	1.041	73.5
10911	11111	1.069	74.0
10912	11112	1.069	74.0
10913	11113	1.081	73.5
10914	11114	1.049	73.5
10915	11115	1.049	73.5
10916	11116	1.049	73.5
10917	11117	1.078	74.0
10918	11118	1.069	74.0
10919	11119	1.097	74.5
10920	11120	1.097	74.5
10921	11121	1.077	75.0
10922	11122	1.116	75.0
10923	11123	1.107	75.0
10924	11124	1.089	74.5
10925	11125	1.089	74.5
10926	11126	1.109	74.0
10927	11127	1.097	74.5
10928	11128	1.118	74.0
10929	11129	1.078	74.0
10930	11130	1.118	74.0
10931	11131	1.087	74.0
10932	11132	1.087	74.0
10933	11133	1.108	73.5
10934	11134	1.089	73.0
10935	11135	1.089	73.0
10936	11136	1.100	72.5
10937	11137	1.080	72.0
10938	11138	1.069	72.0
10939	11139	1.069	72.0
10940	11140	1.069	72.0
10941	11141	1.059	72.0
10942	11142	1.071	71.5
10943	11143	1.037	71.5
10944	11144	1.049	71.0
10945	11145	1.070	70.5
10946	11146	1.070	70.5
10947	11147	1.082	70.0
10948	11148	1.060	70.5
10949	11149	1.051	70.5
10950	11150	1.083	71.0
10951	11151	1.104	70.5
10952	11152	1.104	70.5
10953	11153	1.127	70.0
10954	11154	1.127	70.0
10955	11155	1.115	70.5
10956	11156	1.104	70.5
10957	11157	1.104	70.5
10958	11158	1.136	71.0
10959	11159	1.124	71.5
10960	11160	1.124	71.5
10961	11161	1.103	71.0
10962	11162	1.115	70.5
10963	11163	1.070	70.5
10964	11164	1.115	70.5
10965	11165	1.115	70.5
10966	11166	1.115	70.5
10967	11167	1.115	70.5
10968	11168	1.147	71.0
10969	11169	1.136	71.0
10970	11170	1.126	71.0
10971	11171	1.117	71.0
10972	11172	1.108	71.0
10973	11173	1.108	71.0
10974	11174	1.121	70.5
10975	11175	1.121	70.5
10976	11176	1.100	71.0
10977	11177	1.112	70.5
10978	11178	1.125	70.0
10979	11179	1.090	70.0
10980	11180	1.082	70.0
10981	11181	1.082	70.0
10982	11182	1.082	70.0
10983	11183	1.075	70.0
10984	11184	1.032	70.0
10985	11185	1.075	70.0
10986	11186	1.082	70.0
10987	11187	1.070	70.5
10988	11188	1.062	70.5
10989	11189	1.075	70.0
10990	11190	1.032	70.0
10991	11191	1.044	69.5
10992	11192	1.064	69.0
10993	11193	1.044	69.5
10994	11194	1.057	69.0
10995	11195	1.044	69.5
10996	11196	1.044	69.5
10997	11197	1.044	69.5
10998	11198	1.001	69.5
10999	11199	0.995	69.5
11000	11200	0.995	69.5
11001	11201	1.026	70.0
11002	11202	1.008	70.5
11003	11203	1.020	70.0
11004	11204	1.038	69.5
11005	11205	1.044	69.5
11006	11206	1.026	70.0
11007	11207	1.026	70.0
11008	11208	0.983	70.0
11009	11209	0.995	69.5
11010	11210	0.989	69.5
11011	11211	1.032	69.5
11012	11212	0.995	69.5
11013	11213	1.007	69.0
11014	11214	1.007	69.0
11015	11215	1.001	69.0
11016	11216	1.014	68.5
11017	11217	1.014	68.5
11018	11218	1.014	68.5
11019	11219	1.001	69.0
11020	11220	0.996	69.0
11021	11221	0.992	69.0
11022	11222	1.005	68.5
11023	11223	1.005	68.5
11024	11224	1.005	68.5
11025	11225	1.005	68.5
11026	11226	1.001	68.5
11027	11227	1.005	68.5
11028	11228	1.001	68.5
11029	11229	0.984	69.0
11030	11230	0.981	69.0
11031	11231	0.966	69.5
11032	11232	0.963	69.5
11033	11233	0.963	69.5
11034	11234	0.950	70.0
11035	11235	0.948	70.0
11036	11236	0.963	69.5
11037	11237	0.950	70.0
11038	11238	0.950	70.0
11039	11239	0.948	70.0
11040	11240	0.977	70.5
11041	11241	0.990	70.0
11042	11242	0.990	70.0
11043	11243	0.990	70.0
11044	11244	0.990	70.0
11045	11245	0.977	70.5
11046	11246	0.977	70.5
11047	11247	0.964	71.0
11048	11248	0.924	71.0
11049	11249	0.936	70.5
11050	11250	0.950	70.0
11051	11251	0.936	70.5
11052	11252	0.909	70.0
11053	11253	0.909	70.0
11054	11254	0.907	70.0
11055	11255	0.879	69.5
11056	11256	0.879	69.5
11057	11257	0.882	69.5
11058	11258	0.842	69.5
11059	11259	0.840	69.5
11060	11260	0.851	69.0
11061	11261	0.849	69.0
11062	11262	0.862	68.5
11063	11263	0.849	69.0
11064	11264	0.860	68.5
11065	11265	0.872	68.0
11066	11266	0.872	68.0
11067	11267	0.871	68.0
11068	11268	0.840	67.5
11069	11269	0.852	67.0
11070	11270	0.865	66.5
11071	11271	0.865	66.5
11072	11272	0.878	66.0
11073	11273	0.878	66.0
11074	11274	0.891	65.5
11075	11275	0.878	66.0
11076	11276	0.878	66.0
11077	11277	0.891	65.5
11078	11278	0.891	65.5
11079	11279	0.878	66.0
11080	11280	0.877	66.0
11081	11281	0.877	66.0
11082	11282	0.843	65.5
11083	11283	0.843	65.5
11084	11284	0.843	65.5
11085	11285	0.844	65.5
11086	11286	0.843	65.5
11087	11287	0.831	66.0
11088	11288	0.831	66.0
11089	11289	0.831	66.0
11090	11290	0.819	66.5
11091	11291	0.785	66.0
11092	11292	0.785	66.0
11093	11293	0.738	66.0
11094	11294	0.750	65.5
11095	11295	0.750	65.5
11096	11296	0.738	66.0
11097	11297	0.738	66.0
11098	11298	0.773	66.5
11099	11299	0.761	67.0
11100	11300	0.750	67.5
11101	11301	0.794	67.5
11102	11302	0.782	68.0
11103	11303	0.783	68.0
11104	11304	0.771	68.5
11105	11305	0.729	68.5
11106	11306	0.739	68.0
11107	11307	0.728	68.5
11108	11308	0.739	68.0
11109	11309	0.729	68.5
11110	11310	0.686	68.5
11111	11311	0.696	68.0
11112	11312	0.696	68.0
11113	11313	0.686	68.5
11114	11314	0.686	68.5
11115	11315	0.685	68.5
11116	11316	0.643	68.5
11117	11317	0.643	68.5
11118	11318	0.609	68.0
11119	11319	0.609	68.0
11120	11320	0.618	67.5
11147	11347	0.609	68.0
11148	11348	0.609	68.0
16468	16668	0.611	51.5
16470	16670	0.609	51.5
16471	16671	0.620	51.0
16472	16672	0.608	51.5
16473	16673	0.608	51.5
16474	16674	0.608	51.5
19246	19446	0.609	64.5
19270	19470	0.606	64.0
19271	19471	0.600	64.5
19272	19472	0.618	64.5
26672	26872	0.611	51.5
26673	26873	0.600	52.0
26674	26874	0.600	52.0
26675	26875	0.600	52.0
26733	26933	0.622	54.0
26734	26934	0.622	54.0
26735	26935	0.612	54.5
26736	26936	0.613	54.5
26737	26937	0.626	54.0
26738	26938	0.628	54.0
26739	26939	0.618	54.5
26740	26940	0.631	54.0
26741	26941	0.621	54.5
26742	26942	0.608	55.0
26743	26943	0.618	54.5
26744	26944	0.628	54.0
26745	26945	0.618	54.5
26746	26946	0.615	54.5
26747	26947	0.603	55.0
26748	26948	0.603	55.0
26750	26950	0.603	55.0
26751	26951	0.613	54.5
26752	26952	0.624	54.0
26753	26953	0.635	53.5
26754	26954	0.622	54.0
26755	26955	0.621	54.0
26756	26956	0.610	54.5
26757	26957	0.610	54.5
26758	26958	0.665	55.0
26759	26959	0.665	55.0
26760	26960	0.677	54.5
26761	26961	0.677	54.5
26762	26962	0.664	55.0
26763	26963	0.664	55.0
26764	26964	0.653	55.5
26765	26965	0.705	56.0
26766	26966	0.705	56.0
26767	26967	0.705	56.0
26768	26968	0.705	56.0
26769	26969	0.706	56.0
26770	26970	0.694	56.5
26771	26971	0.681	57.0
26772	26972	0.681	57.0
26773	26973	0.681	57.0
26774	26974	0.694	56.5
26775	26975	0.682	57.0
26776	26976	0.682	57.0
26777	26977	0.682	57.0
26778	26978	0.682	57.0
26779	26979	0.671	57.5
26780	26980	0.671	57.5
26781	26981	0.671	57.5
26782	26982	0.671	57.5
26783	26983	0.671	57.5
26784	26984	0.682	57.0
26785	26985	0.695	56.5
26786	26986	0.695	56.5
26787	26987	0.695	56.5
26788	26988	0.695	56.5
26789	26989	0.695	56.5
26790	26990	0.644	56.0
26791	26991	0.644	56.0
26792	26992	0.655	55.5
26793	26993	0.668	55.0
26794	26994	0.601	55.0
26796	26996	0.610	54.5
26797	26997	0.610	54.5
28625	28825	0.914	50.5
28626	28826	0.973	51.0
28627	28827	0.949	51.5
28628	28828	0.964	51.0
28629	28829	0.941	51.5
28630	28830	0.941	51.5
28631	28831	0.941	51.5
28632	28832	0.941	51.5
28633	28833	0.926	52.0
28634	28834	0.926	52.0
28635	28835	0.926	52.0
28636	28836	0.926	52.0
28637	28837	0.912	52.5
28638	28838	0.919	52.5
28639	28839	0.919	52.5
28640	28840	0.919	52.5
28641	28841	0.972	53.0
28642	28842	0.957	53.5
28643	28843	0.957	53.5
28644	28844	0.935	54.0
28645	28845	0.950	53.5
28646	28846	0.950	53.5
28647	28847	0.928	54.0
28648	28848	0.928	54.0
28649	28849	0.914	54.5
28650	28850	0.900	55.0
28651	28851	0.900	55.0
28652	28852	0.886	55.5
28653	28853	0.933	56.0
28654	28854	0.933	56.0
28655	28855	0.913	56.5
28656	28856	0.933	56.0
28657	28857	0.933	56.0
28658	28858	0.920	56.5
28659	28859	0.906	57.0
28660	28860	0.842	57.0
28661	28861	0.861	56.5
28662	28862	0.873	56.0
28663	28863	0.861	56.5
28664	28864	0.920	56.5
28665	28865	0.906	57.0
28666	28866	0.950	57.5
28667	28867	0.930	58.0
28668	28868	0.930	58.0
28669	28869	0.910	58.5
28670	28870	0.910	58.5
28671	28871	0.897	59.0
28672	28872	0.910	58.5
28673	28873	0.892	59.0
28674	28874	0.892	59.0
28675	28875	0.892	59.0
28676	28876	0.892	59.0
28677	28877	0.845	58.5
28678	28878	0.845	58.5
28679	28879	0.845	58.5
28680	28880	0.840	58.5
28681	28881	0.824	59.0
28682	28882	0.824	59.0
28683	28883	0.820	59.0
28684	28884	0.820	59.0
28685	28885	0.820	59.0
28686	28886	0.808	59.5
28687	28887	0.811	59.5
28688	28888	0.811	59.5
28689	28889	0.811	59.5
28690	28890	0.811	59.5
28691	28891	0.800	60.0
28692	28892	0.796	60.0
28693	28893	0.811	59.5
28694	28894	0.796	60.0
28695	28895	0.796	60.0
28696	28896	0.781	60.5
28697	28897	0.781	60.5
28698	28898	0.770	61.0
28699	28899	0.773	61.0
28700	28900	0.773	61.0
28701	28901	0.759	61.5
28702	28902	0.744	62.0
28703	28903	0.744	62.0
28704	28904	0.742	62.0
28705	28905	0.689	62.0
28706	28906	0.701	61.5
28707	28907	0.691	62.0
28708	28908	0.694	62.0
28709	28909	0.744	62.0
28710	28910	0.731	62.5
28711	28911	0.728	62.5
28712	28912	0.718	63.0
28713	28913	0.767	63.0
28714	28914	0.764	63.0
28715	28915	0.763	63.0
28716	28916	0.752	63.5
28717	28917	0.764	63.0
28718	28918	0.764	63.0
28719	28919	0.753	63.5
28720	28920	0.753	63.5
28721	28921	0.741	64.0
28722	28922	0.730	64.5
28723	28923	0.730	64.5
28724	28924	0.730	64.5
28725	28925	0.730	64.5
28726	28926	0.766	65.0
28727	28927	0.766	65.0
28728	28928	0.766	65.0
28729	28929	0.777	64.5
28730	28930	0.764	65.0
28731	28931	0.775	64.5
28732	28932	0.763	65.0
28733	28933	0.764	65.0
28734	28934	0.764	65.0
28735	28935	0.799	65.5
28736	28936	0.752	65.5
28737	28937	0.799	65.5
28738	28938	0.799	65.5
28739	28939	0.845	65.5
28740	28940	0.845	65.5
28741	28941	0.844	65.5
28742	28942	0.831	66.0
28743	28943	0.819	66.5
28744	28944	0.819	66.5
28745	28945	0.831	66.0
28746	28946	0.832	66.0
28747	28947	0.834	66.0
28748	28948	0.822	66.5
28749	28949	0.834	66.0
28750	28950	0.786	66.0
28751	28951	0.799	65.5
28752	28952	0.763	65.0
28753	28953	0.764	65.0
28754	28954	0.766	65.0
28755	28955	0.755	65.5
28756	28956	0.789	66.0
28757	28957	0.776	66.5
28758	28958	0.765	67.0
28759	28959	0.765	67.0
28760	28960	0.753	67.5
28761	28961	0.752	67.5
28762	28962	0.740	68.0
28763	28963	0.729	68.5
28764	28964	0.719	69.0
28765	28965	0.718	69.0
28766	28966	0.718	69.0
28767	28967	0.708	69.5
28768	28968	0.708	69.5
28769	28969	0.718	69.0
28770	28970	0.708	69.5
28771	28971	0.718	69.0
28772	28972	0.718	69.0
28773	28973	0.749	69.5
28774	28974	0.708	69.5
28775	28975	0.718	69.0
28776	28976	0.718	69.0
28777	28977	0.708	69.5
28778	28978	0.718	69.0
28779	28979	0.718	69.0
28780	28980	0.728	68.5
28781	28981	0.728	68.5
28782	28982	0.718	69.0
28783	28983	0.708	69.5
28784	28984	0.708	69.5
28785	28985	0.719	69.0
28786	28986	0.709	69.5
28787	28987	0.710	69.5
28788	28988	0.710	69.5
28789	28989	0.742	70.0
28790	28990	0.742	70.0
28791	28991	0.742	70.0
28792	28992	0.754	69.5
28793	28993	0.712	69.5
28794	28994	0.710	69.5
28795	28995	0.742	70.0
28796	28996	0.732	70.5
28797	28997	0.734	70.5
28798	28998	0.734	70.5
28799	28999	0.734	70.5
28800	29000	0.734	70.5
28801	29001	0.734	70.5
28802	29002	0.723	71.0
28803	29003	0.765	71.0
28804	29004	0.753	71.5
28805	29005	0.765	71.0
28806	29006	0.767	71.0
28807	29007	0.780	70.5
28808	29008	0.741	70.5
28809	29009	0.739	70.5
28810	29010	0.739	70.5
28811	29011	0.727	71.0
28812	29012	0.770	71.0
28813	29013	0.773	71.0
28814	29014	0.764	71.5
28815	29015	0.773	71.0
28816	29016	0.770	71.0
28817	29017	0.767	71.0
28818	29018	0.755	71.5
28819	29019	0.767	71.0
28820	29020	0.758	71.5
28821	29021	0.758	71.5
28822	29022	0.788	72.0
28823	29023	0.788	72.0
28824	29024	0.788	72.0
28825	29025	0.748	72.0
28826	29026	0.746	72.0
28827	29027	0.755	71.5
28828	29028	0.744	72.0
28829	29029	0.753	71.5
28830	29030	0.753	71.5
28831	29031	0.744	72.0
28832	29032	0.732	72.5
28833	29033	0.732	72.5
28834	29034	0.732	72.5
28835	29035	0.732	72.5
28836	29036	0.732	72.5
28837	29037	0.734	72.5
28838	29038	0.734	72.5
28839	29039	0.734	72.5
28840	29040	0.707	72.0
28841	29041	0.705	72.0
28842	29042	0.705	72.0
28843	29043	0.694	72.5
28844	29044	0.703	72.0
28845	29045	0.694	72.5
28846	29046	0.684	73.0
28847	29047	0.692	72.5
28848	29048	0.701	72.0
28849	29049	0.703	72.0
28850	29050	0.705	72.0
28851	29051	0.707	72.0
28852	29052	0.667	72.0
28853	29053	0.665	72.0
28854	29054	0.705	72.0
28855	29055	0.705	72.0
28856	29056	0.696	72.5
28857	29057	0.685	73.0
28858	29058	0.696	72.5
28859	29059	0.707	72.0
28860	29060	0.709	72.0
28861	29061	0.700	72.5
28862	29062	0.689	73.0
28863	29063	0.651	73.0
28864	29064	0.689	73.0
28865	29065	0.653	73.0
28866	29066	0.653	73.0
28867	29067	0.661	72.5
28868	29068	0.653	73.0
28869	29069	0.651	73.0
28870	29070	0.651	73.0
28871	29071	0.653	73.0
28872	29072	0.646	73.5
28873	29073	0.646	73.5
28874	29074	0.636	74.0
28875	29075	0.673	74.0
28876	29076	0.663	74.5
28877	29077	0.691	75.0
28878	29078	0.691	75.0
28879	29079	0.681	75.5
28880	29080	0.689	75.0
28881	29081	0.687	75.0
28882	29082	0.685	75.0
28883	29083	0.693	74.5
28884	29084	0.685	75.0
28885	29085	0.687	75.0
28886	29086	0.689	75.0
28887	29087	0.699	74.5
28888	29088	0.702	74.5
28889	29089	0.694	75.0
28890	29090	0.694	75.0
28891	29091	0.668	74.5
28892	29092	0.668	74.5
28893	29093	0.657	75.0
28894	29094	0.665	74.5
28895	29095	0.663	74.5
28896	29096	0.660	74.5
28897	29097	0.689	75.0
28898	29098	0.691	75.0
28899	29099	0.694	75.0
28900	29100	0.686	75.5
28901	29101	0.683	75.5
28902	29102	0.719	75.5
28903	29103	0.719	75.5
28904	29104	0.719	75.5
28905	29105	0.719	75.5
28906	29106	0.708	76.0
28907	29107	0.708	76.0
28908	29108	0.683	75.5
28909	29109	0.691	75.0
28910	29110	0.691	75.0
28911	29111	0.699	74.5
28912	29112	0.663	74.5
28913	29113	0.699	74.5
28914	29114	0.697	74.5
28915	29115	0.695	74.5
28916	29116	0.706	74.0
28917	29117	0.695	74.5
28918	29118	0.693	74.5
28919	29119	0.693	74.5
28920	29120	0.721	75.0
28921	29121	0.721	75.0
28922	29122	0.723	75.0
28923	29123	0.712	75.5
28924	29124	0.748	75.5
28925	29125	0.714	75.5
28926	29126	0.723	75.0
28927	29127	0.721	75.0
28928	29128	0.748	75.5
28929	29129	0.739	76.0
28930	29130	0.739	76.0
28931	29131	0.730	76.5
28932	29132	0.728	76.5
28933	29133	0.728	76.5
28934	29134	0.694	76.5
28935	29135	0.702	76.0
28936	29136	0.669	76.0
28937	29137	0.667	76.0
28938	29138	0.669	76.0
28939	29139	0.669	76.0
28940	29140	0.659	76.5
28941	29141	0.694	76.5
28942	29142	0.694	76.5
28943	29143	0.694	76.5
28944	29144	0.720	77.0
28945	29145	0.720	77.0
28946	29146	0.730	76.5
28947	29147	0.730	76.5
28948	29148	0.767	76.5
28949	29149	0.756	77.0
28950	29150	0.765	76.5
28951	29151	0.756	77.0
28952	29152	0.756	77.0
28953	29153	0.759	77.0
28954	29154	0.761	77.0
28955	29155	0.738	76.5
28956	29156	0.738	76.5
28957	29157	0.735	76.5
28958	29158	0.735	76.5
28959	29159	0.761	77.0
28960	29160	0.761	77.0
28961	29161	0.761	77.0
28962	29162	0.759	77.0
28963	29163	0.767	76.5
28964	29164	0.733	76.5
28965	29165	0.730	76.5
28966	29166	0.765	76.5
28967	29167	0.765	76.5
28968	29168	0.756	77.0
28969	29169	0.745	77.5
28970	29170	0.754	77.0
28971	29171	0.745	77.5
28972	29172	0.711	77.5
28973	29173	0.745	77.5
28974	29174	0.747	77.5
28975	29175	0.737	78.0
28976	29176	0.735	78.0
28977	29177	0.768	78.0
28978	29178	0.757	78.5
28979	29179	0.790	78.5
28980	29180	0.781	79.0
28981	29181	0.790	78.5
28982	29182	0.799	78.0
28983	29183	0.798	78.0
28984	29184	0.807	77.5
28985	29185	0.796	78.0
28986	29186	0.795	78.0
28987	29187	0.805	77.5
28988	29188	0.772	77.5
28989	29189	0.771	77.5
28990	29190	0.781	77.0
28991	29191	0.781	77.0
28992	29192	0.771	77.5
28993	29193	0.772	77.5
28994	29194	0.739	77.5
28995	29195	0.772	77.5
28996	29196	0.771	77.5
28997	29197	0.781	77.0
28998	29198	0.771	77.5
28999	29199	0.772	77.5
29000	29200	0.772	77.5
29001	29201	0.783	77.0
29002	29202	0.760	76.5
29003	29203	0.758	76.5
29004	29204	0.769	76.0
29005	29205	0.758	76.5
29006	29206	0.793	76.5
29007	29207	0.783	77.0
29008	29208	0.793	76.5
29009	29209	0.793	76.5
29010	29210	0.804	76.0
29011	29211	0.770	76.0
29012	29212	0.770	76.0
29013	29213	0.780	75.5
29014	29214	0.790	75.0
29015	29215	0.779	75.5
29016	29216	0.815	75.5
29017	29217	0.817	75.5
29018	29218	0.829	75.0
29019	29219	0.817	75.5
29020	29220	0.815	75.5
29021	29221	0.780	75.5
29022	29222	0.815	75.5
29023	29223	0.817	75.5
29024	29224	0.819	75.5
29025	29225	0.819	75.5
29026	29226	0.819	75.5
29027	29227	0.819	75.5
29028	29228	0.819	75.5
29029	29229	0.807	76.0
29030	29230	0.796	76.5
29031	29231	0.830	76.5
29032	29232	0.830	76.5
29033	29233	0.830	76.5
29034	29234	0.819	77.0
29035	29235	0.843	77.5
29036	29236	0.841	77.5
29037	29237	0.839	77.5
29038	29238	0.851	77.0
29039	29239	0.839	77.5
29040	29240	0.828	78.0
29041	29241	0.828	78.0
29042	29242	0.839	77.5
29043	29243	0.839	77.5
29044	29244	0.828	78.0
29045	29245	0.838	77.5
29046	29246	0.839	77.5
29047	29247	0.828	78.0
29048	29248	0.817	78.5
29049	29249	0.816	78.5
29050	29250	0.816	78.5
29051	29251	0.826	78.0
29052	29252	0.826	78.0
29053	29253	0.793	78.0
29054	29254	0.826	78.0
29055	29255	0.826	78.0
29056	29256	0.826	78.0
29057	29257	0.837	77.5
29058	29258	0.826	78.0
29059	29259	0.816	78.5
29060	29260	0.816	78.5
29061	29261	0.816	78.5
29062	29262	0.826	78.0
29063	29263	0.803	77.5
29064	29264	0.803	77.5
29065	29265	0.814	77.0
29066	29266	0.825	76.5
29067	29267	0.815	77.0
29068	29268	0.849	77.0
29069	29269	0.849	77.0
29070	29270	0.838	77.5
29071	29271	0.839	77.5
29072	29272	0.841	77.5
29073	29273	0.875	77.5
29074	29274	0.841	77.5
29075	29275	0.843	77.5
29076	29276	0.819	77.0
29077	29277	0.819	77.0
29078	29278	0.819	77.0
29079	29279	0.819	77.0
29080	29280	0.809	77.5
29081	29281	0.809	77.5
29082	29282	0.809	77.5
29083	29283	0.799	78.0
29084	29284	0.811	77.5
29085	29285	0.813	77.5
29086	29286	0.847	77.5
29087	29287	0.847	77.5
29088	29288	0.849	77.5
29089	29289	0.852	77.5
29090	29290	0.843	78.0
29091	29291	0.843	78.0
29092	29292	0.855	77.5
29093	29293	0.855	77.5
29094	29294	0.855	77.5
29095	29295	0.865	77.0
29096	29296	0.831	77.0
29097	29297	0.834	77.0
29098	29298	0.838	77.0
29099	29299	0.872	77.0
29100	29300	0.877	77.0
29101	29301	0.872	77.0
29102	29302	0.872	77.0
29103	29303	0.863	77.5
29104	29304	0.867	77.5
29105	29305	0.867	77.5
29106	29306	0.867	77.5
29107	29307	0.897	77.5
29108	29308	0.884	78.0
29109	29309	0.884	78.0
29110	29310	0.888	78.0
29111	29311	0.908	78.5
29112	29312	0.874	78.5
29113	29313	0.878	78.5
29114	29314	0.888	78.0
29115	29315	0.888	78.0
29116	29316	0.878	78.5
29117	29317	0.888	78.0
29118	29318	0.888	78.0
29119	29319	0.863	77.5
29120	29320	0.867	77.5
29121	29321	0.872	77.5
29122	29322	0.886	77.0
29123	29323	0.846	77.0
29124	29324	0.850	77.0
29125	29325	0.886	77.0
29126	29326	0.886	77.0
29127	29327	0.846	77.0
29128	29328	0.850	77.0
29129	29329	0.855	77.0
29130	29330	0.891	77.0
29131	29331	0.897	77.0
29132	29332	0.897	77.0
29133	29333	0.897	77.0
29134	29334	0.906	76.5
29135	29335	0.897	77.0
29136	29336	0.903	77.0
29137	29337	0.866	77.0
29138	29338	0.903	77.0
29139	29339	0.903	77.0
29140	29340	0.876	76.5
29141	29341	0.891	76.0
29142	29342	0.891	76.0
29143	29343	0.854	76.0
29144	29344	0.869	75.5
29145	29345	0.860	76.0
29146	29346	0.851	76.5
29147	29347	0.814	76.5
29148	29348	0.851	76.5
29149	29349	0.851	76.5
29150	29350	0.842	77.0
29151	29351	0.879	77.0
29152	29352	0.870	77.5
29153	29353	0.877	77.5
29154	29354	0.914	77.5
29155	29355	0.905	78.0
29156	29356	0.921	77.5
29157	29357	0.931	77.0
29158	29358	0.893	77.0
29159	29359	0.901	77.0
29160	29360	0.939	77.0
29161	29361	0.947	77.0
29162	29362	0.957	76.5
29163	29363	0.947	77.0
29164	29364	0.957	76.5
29165	29365	0.910	76.5
29166	29366	0.919	76.5
29167	29367	0.927	76.5
29168	29368	0.966	76.5
29169	29369	0.957	76.5
29170	29370	0.957	76.5
29171	29371	0.957	76.5
29172	29372	0.919	76.5
29173	29373	0.927	76.5
29174	29374	0.966	76.5
29175	29375	0.966	76.5
29176	29376	0.937	76.0
29177	29377	0.937	76.0
29178	29378	0.889	76.0
29179	29379	0.889	76.0
29180	29380	0.906	75.5
29181	29381	0.898	76.0
29182	29382	0.889	76.5
29183	29383	0.898	76.0
29184	29384	0.898	76.0
29185	29385	0.889	76.0
29186	29386	0.889	76.0
29187	29387	0.880	76.5
29188	29388	0.889	76.5
29189	29389	0.889	76.5
29190	29390	0.910	77.0
29191	29391	0.901	77.5
29192	29392	0.910	77.5
29193	29393	0.947	77.5
29194	29394	0.910	77.5
29195	29395	0.919	77.5
29196	29396	0.919	77.5
29197	29397	0.910	78.0
29198	29398	0.920	78.0
29199	29399	0.939	77.5
29200	29400	0.929	77.5
29201	29401	0.929	77.5
29202	29402	0.920	78.0
29203	29403	0.920	78.0
29204	29404	0.939	78.5
29205	29405	0.902	78.5
29206	29406	0.912	78.5
29207	29407	0.922	78.5
29208	29408	0.941	79.0
29209	29409	0.941	79.0
29210	29410	0.959	79.5
29211	29411	0.970	79.5
29212	29412	0.981	79.5
29213	29413	0.981	79.5
29214	29414	0.972	80.0
29215	29415	0.935	80.0
29216	29416	0.972	80.0
29217	29417	0.972	80.0
29218	29418	0.952	80.5
29219	29419	0.961	80.0
29220	29420	0.961	80.0
29221	29421	0.924	80.0
29222	29422	0.943	79.5
29223	29423	0.963	79.0
29224	29424	0.984	78.5
29225	29425	0.984	78.5
29226	29426	1.011	78.5
29227	29427	1.002	79.0
29228	29428	1.002	79.0
29229	29429	1.028	79.0
29230	29430	0.990	79.0
29231	29431	1.002	79.0
29232	29432	1.028	79.0
29233	29433	1.028	79.0
29234	29434	0.999	78.5
29235	29435	1.011	78.5
29236	29436	1.037	78.5
29237	29437	1.037	78.5
29238	29438	1.028	79.0
29239	29439	1.028	79.0
29240	29440	1.037	78.5
29241	29441	1.037	78.5
29242	29442	1.028	79.0
29243	29443	1.037	78.5
29244	29444	1.037	78.5
29245	29445	1.037	78.5
29246	29446	1.037	78.5
29247	29447	1.037	78.5
29248	29448	1.064	78.5
29249	29449	1.064	78.5
29250	29450	1.064	78.5
29251	29451	1.054	79.0
29252	29452	1.064	78.5
29253	29453	1.026	78.5
29254	29454	1.037	78.5
29255	29455	1.050	78.5
29256	29456	1.063	78.5
29257	29457	1.079	79.0
29258	29458	1.089	78.5
29259	29459	1.076	78.5
29260	29460	1.076	78.5
29261	29461	1.102	78.5
29262	29462	1.091	79.0
29263	29463	1.106	79.5
29264	29464	1.095	79.5
29265	29465	1.085	80.0
29266	29466	1.085	80.0
29267	29467	1.049	80.0
29268	29468	1.060	80.0
29269	29469	1.070	79.5
29270	29470	1.058	79.5
29271	29471	1.048	79.5
29272	29472	1.021	79.0
29273	29473	1.031	79.0
29274	29474	1.031	79.0
29275	29475	1.031	79.0
29276	29476	1.022	79.5
29277	29477	1.058	79.5
29278	29478	1.079	79.0
29279	29479	1.079	79.0
29280	29480	1.105	79.0
29281	29481	1.115	78.5
29282	29482	1.115	78.5
29283	29483	1.115	78.5
29284	29484	1.105	79.0
29285	29485	1.094	79.0
29286	29486	1.094	79.0
29287	29487	1.094	79.0
29288	29488	1.084	79.0
29289	29489	1.084	79.0
29290	29490	1.110	79.0
29291	29491	1.099	79.5
29292	29492	1.099	79.5
29293	29493	1.089	79.5
29294	29494	1.089	79.5
29295	29495	1.079	80.0
29296	29496	1.079	80.0
29297	29497	1.089	79.5
29298	29498	1.045	79.5
29299	29499	1.064	79.0
29300	29500	1.029	79.0
29301	29501	1.064	79.0
29302	29502	1.064	79.0
29303	29503	1.056	79.0
29304	29504	1.056	79.0
29305	29505	1.056	79.0
29306	29506	1.047	79.0
29307	29507	1.066	78.5
29308	29508	1.066	78.5
29309	29509	1.066	78.5
29310	29510	1.031	78.5
29311	29511	1.066	78.5
29312	29512	1.066	78.5
29313	29513	1.093	78.5
29314	29514	1.074	79.0
29315	29515	1.067	79.0
29316	29516	1.067	79.0
29317	29517	1.056	79.5
29318	29518	1.067	79.0
29319	29519	1.049	79.5
29320	29520	1.042	79.5
29321	29521	1.036	79.5
29322	29522	1.026	80.0
29323	29523	1.042	79.5
29324	29524	1.009	79.5
29325	29525	1.042	79.5
29326	29526	1.026	80.0
29327	29527	1.042	79.5
29328	29528	1.053	79.0
29329	29529	1.019	79.0
29330	29530	1.036	78.5
29331	29531	1.036	78.5
29332	29532	1.047	78.0
29333	29533	1.047	78.0
29334	29534	1.064	78.5
29335	29535	1.064	78.5
29336	29536	1.075	78.0
29337	29537	1.041	78.0
29338	29538	1.058	77.5
29339	29539	1.065	77.5
29340	29540	1.065	77.5
29341	29541	1.054	78.0
29342	29542	1.061	78.0
29343	29543	1.089	78.0
29344	29544	1.089	78.0
29345	29545	1.082	78.0
29346	29546	1.082	78.0
29347	29547	1.058	77.5
29348	29548	1.065	77.5
29349	29549	1.065	77.5
29350	29550	1.029	77.5
29351	29551	1.065	77.5
29352	29552	1.076	77.0
29353	29553	1.040	77.0
29354	29554	1.076	77.0
29355	29555	1.087	76.5
29356	29556	1.069	77.0
29357	29557	1.058	77.5
29358	29558	1.069	77.0
29359	29559	1.034	77.0
29360	29560	1.051	76.5
29361	29561	1.051	76.5
29362	29562	1.069	77.0
29363	29563	1.063	77.0
29364	29564	1.052	77.5
29365	29565	1.069	77.0
29366	29566	1.069	77.0
29367	29567	1.034	77.0
29368	29568	1.040	77.0
29369	29569	1.058	76.5
29370	29570	1.058	76.5
29371	29571	1.058	76.5
29372	29572	1.058	76.5
29373	29573	1.051	76.5
29374	29574	1.069	76.0
29375	29575	1.081	75.5
29376	29576	1.062	76.0
29377	29577	1.081	75.5
29378	29578	1.088	75.5
29379	29579	1.107	75.0
29380	29580	1.107	75.0
29381	29581	1.107	75.0
29382	29582	1.107	75.0
29383	29583	1.125	75.5
29384	29584	1.125	75.5
29385	29585	1.125	75.5
29386	29586	1.125	75.5
29387	29587	1.155	75.5
29388	29588	1.168	75.0
29389	29589	1.130	75.0
29390	29590	1.150	74.5
29391	29591	1.143	74.5
29392	29592	1.098	74.5
29393	29593	1.104	74.5
29394	29594	1.104	74.5
29395	29595	1.136	74.5
29396	29596	1.136	74.5
29397	29597	1.136	74.5
29398	29598	1.136	74.5
29399	29599	1.123	75.0
29400	29600	1.143	74.5
29401	29601	1.143	74.5
29402	29602	1.143	74.5
29403	29603	1.104	74.5
29404	29604	1.112	74.5
29405	29605	1.143	74.5
29406	29606	1.155	74.0
29407	29607	1.110	74.0
29408	29608	1.117	74.0
29409	29609	1.090	73.5
29410	29610	1.109	73.0
29411	29611	1.122	72.5
29412	29612	1.122	72.5
29413	29613	1.122	72.5
29414	29614	1.115	72.5
29415	29615	1.076	72.5
29416	29616	1.094	72.0
29417	29617	1.101	72.0
29418	29618	1.121	71.5
29419	29619	1.101	72.0
29420	29620	1.101	72.0
29421	29621	1.114	71.5
29422	29622	1.094	72.0
29423	29623	1.094	72.0
29424	29624	1.082	72.5
29425	29625	1.042	72.5
29426	29626	1.049	72.5
29427	29627	1.060	72.0
29428	29628	1.020	72.0
29429	29629	1.038	71.5
29430	29630	1.050	71.0
29431	29631	1.008	71.0
29432	29632	1.015	71.0
29433	29633	1.027	70.5
29434	29634	1.027	70.5
29435	29635	0.977	70.5
29436	29636	0.996	70.0
29437	29637	0.996	70.0
29438	29638	0.996	70.0
29439	29639	1.007	69.5
29440	29640	0.996	70.0
29441	29641	0.996	70.0
29442	29642	1.032	70.0
29443	29643	1.032	70.0
29444	29644	1.032	70.0
29445	29645	1.020	70.5
29446	29646	1.039	70.0
29447	29647	1.007	69.5
29448	29648	1.026	69.0
29449	29649	1.019	69.0
29450	29650	1.031	68.5
29451	29651	1.031	68.5
29452	29652	1.019	69.0
29453	29653	1.019	69.0
29454	29654	1.031	68.5
29455	29655	1.044	68.0
29456	29656	0.999	68.0
29457	29657	1.044	68.0
29458	29658	1.031	68.5
29459	29659	1.051	68.0
29460	29660	0.999	68.0
29461	29661	1.005	68.0
29462	29662	0.960	68.0
29463	29663	0.978	67.5
29464	29664	0.997	67.0
29465	29665	0.997	67.0
29466	29666	0.985	67.5
29467	29667	0.985	67.5
29468	29668	0.985	67.5
29469	29669	0.985	67.5
29470	29670	0.993	67.5
29471	29671	1.013	67.0
29472	29672	1.013	67.0
29473	29673	1.005	67.0
29474	29674	1.005	67.0
29475	29675	1.017	66.5
29476	29676	0.969	66.5
29477	29677	0.988	66.0
29478	29678	0.969	66.5
29479	29679	0.913	66.5
29480	29680	0.913	66.5
29481	29681	0.902	67.0
29482	29682	0.902	67.0
29483	29683	0.913	66.5
29484	29684	0.876	66.0
29485	29685	0.876	66.0
29486	29686	0.882	66.0
29487	29687	0.882	66.0
29488	29688	0.882	66.0
29489	29689	0.844	65.5
29490	29690	0.850	65.5
29491	29691	0.850	65.5
29492	29692	0.882	66.0
29493	29693	0.890	66.0
29494	29694	0.879	66.5
29495	29695	0.890	66.0
29496	29696	0.900	65.5
29497	29697	0.890	66.0
29498	29698	0.897	66.0
29499	29699	0.897	66.0
29500	29700	0.847	66.0
29501	29701	0.897	66.0
29502	29702	0.897	66.0
29503	29703	0.906	66.0
29504	29704	0.916	65.5
29505	29705	0.866	65.5
29506	29706	0.874	65.5
29507	29707	0.874	65.5
29508	29708	0.883	65.5
29509	29709	0.873	66.0
29510	29710	0.864	66.0
29511	29711	0.864	66.0
29512	29712	0.805	66.0
29513	29713	0.813	66.0
29514	29714	0.831	65.5
29515	29715	0.831	65.5
29516	29716	0.831	65.5
29517	29717	0.831	65.5
29518	29718	0.821	66.0
29519	29719	0.840	65.5
29520	29720	0.850	65.5
29521	29721	0.903	65.5
29522	29722	0.903	65.5
29523	29723	0.893	66.0
29524	29724	0.840	66.0
29525	29725	0.893	66.0
29526	29726	0.893	66.0
29527	29727	0.873	66.5
29528	29728	0.853	67.0
29529	29729	0.863	66.5
29530	29730	0.844	67.0
29531	29731	0.844	67.0
29532	29732	0.875	67.5
29533	29733	0.826	67.5
29534	29734	0.835	67.5
29535	29735	0.835	67.5
29536	29736	0.825	68.0
29537	29737	0.865	68.0
29538	29738	0.847	68.5
29539	29739	0.839	68.5
29540	29740	0.822	69.0
29541	29741	0.822	69.0
29542	29742	0.786	68.5
29543	29743	0.786	68.5
29544	29744	0.770	69.0
29545	29745	0.786	68.5
29546	29746	0.786	68.5
29547	29747	0.777	69.0
29548	29748	0.777	69.0
29549	29749	0.777	69.0
29550	29750	0.731	69.0
29551	29751	0.746	68.5
29552	29752	0.731	69.0
29553	29753	0.685	69.0
29554	29754	0.691	69.0
29555	29755	0.684	69.5
29556	29756	0.698	69.0
29557	29757	0.698	69.0
29558	29758	0.729	69.5
29559	29759	0.729	69.5
29560	29760	0.721	70.0
29561	29761	0.676	70.0
29562	29762	0.690	69.5
29563	29763	0.690	69.5
29564	29764	0.684	69.5
29565	29765	0.670	70.0
29566	29766	0.670	70.0
29567	29767	0.670	70.0
29568	29768	0.670	70.0
29569	29769	0.701	70.5
29570	29770	0.693	71.0
29571	29771	0.699	71.0
29572	29772	0.655	71.0
29573	29773	0.662	71.0
29574	29774	0.662	71.0
29575	29775	0.648	71.5
29576	29776	0.655	71.5
29577	29777	0.648	72.0
29578	29778	0.648	72.0
29579	29779	0.648	72.0
29580	29780	0.641	72.5
29581	29781	0.641	72.5
29582	29782	0.605	72.0
29583	29783	0.605	72.0
29585	29785	0.604	72.5
29590	29790	0.604	72.5
29591	29791	0.611	72.5
29592	29792	0.618	72.5
29593	29793	0.624	72.0
29600	29800	0.624	71.5
29601	29801	0.617	72.0
29602	29802	0.624	71.5
29603	29803	0.630	71.0
29607	29807	0.605	70.5
29610	29810	0.624	71.5
29611	29811	0.624	71.5
29612	29812	0.624	71.5
29613	29813	0.624	71.5
29614	29814	0.631	71.5
29615	29815	0.637	71.0
29616	29816	0.631	71.5
29617	29817	0.637	71.0
29618	29818	0.624	71.5
29619	29819	0.631	71.5
29620	29820	0.631	71.5
29621	29821	0.631	71.5
29622	29822	0.645	71.0
29623	29823	0.638	71.5
29624	29824	0.638	71.5
29625	29825	0.645	71.0
29626	29826	0.637	71.0
29627	29827	0.637	71.0
29628	29828	0.637	71.0
29629	29829	0.631	71.5
29630	29830	0.631	71.5
29631	29831	0.637	71.0
29632	29832	0.630	71.0
29633	29833	0.630	71.0
29634	29834	0.624	71.5
29635	29835	0.637	71.0
29636	29836	0.637	71.0
29637	29837	0.644	70.5
29638	29838	0.651	70.0
29639	29839	0.644	70.5
29640	29840	0.644	70.5
29641	29841	0.604	70.0
29642	29842	0.611	70.0
29643	29843	0.611	70.0
29644	29844	0.604	70.0
29645	29845	0.611	69.5
36786	36986	0.645	57.5
36787	36987	0.637	58.0
36788	36988	0.623	58.0
36789	36989	0.645	57.5
36790	36990	0.660	57.5
36791	36991	0.660	57.5
36792	36992	0.660	57.5
36793	36993	0.653	58.0
36794	36994	0.653	58.0
36795	36995	0.637	58.0
36796	36996	0.616	58.5
36797	36997	0.623	58.0
36798	36998	0.616	58.5
36799	36999	0.603	58.5
36800	37000	0.603	58.5
36805	37005	0.605	57.5
36806	37006	0.605	57.5
36807	37007	0.625	57.0
36808	37008	0.625	57.0
36809	37009	0.625	57.0
36810	37010	0.633	56.5
36811	37011	0.633	56.5
36812	37012	0.640	56.0
36813	37013	0.640	56.0
36814	37014	0.648	55.5
36815	37015	0.657	55.0
36816	37016	0.678	54.5
36817	37017	0.678	54.5
36818	37018	0.687	54.0
36819	37019	0.678	54.5
36820	37020	0.665	54.5
36821	37021	0.665	54.5
36822	37022	0.665	54.5
36823	37023	0.674	54.0
36824	37024	0.665	54.5
36825	37025	0.665	54.5
36826	37026	0.653	54.5
36827	37027	0.653	54.5
36828	37028	0.674	54.0
36829	37029	0.674	54.0
36830	37030	0.674	54.0
36831	37031	0.683	53.5
36832	37032	0.683	53.5
36833	37033	0.692	53.0
36834	37034	0.701	52.5
36835	37035	0.711	52.0
36836	37036	0.711	52.0
36837	37037	0.711	52.0
36838	37038	0.711	52.0
36839	37039	0.734	51.5
36840	37040	0.734	51.5
36841	37041	0.744	51.0
36842	37042	0.755	50.5
36843	37043	0.755	50.5
36844	37044	0.731	51.0
36845	37045	0.731	51.0
36846	37046	0.731	51.0
36847	37047	0.741	50.5
36848	37048	0.741	50.5
51433	51633	0.641	50.5
51435	51635	0.641	50.5
51436	51636	0.630	51.0
51437	51637	0.616	51.5
51438	51638	0.697	51.5
51439	51639	0.685	52.0
51440	51640	0.690	52.0
51441	51641	0.674	52.5
51442	51642	0.679	52.5
51443	51643	0.679	52.5
51444	51644	0.679	52.5
51445	51645	0.679	52.5
51446	51646	0.663	53.0
51447	51647	0.663	53.0
51448	51648	0.659	53.0
51449	51649	0.732	53.0
51450	51650	0.732	53.0
51451	51651	0.720	53.5
51452	51652	0.709	54.0
51453	51653	0.709	54.0
51454	51654	0.709	54.0
51455	51655	0.725	53.5
51456	51656	0.714	54.0
51457	51657	0.714	54.0
51458	51658	0.657	53.5
51459	51659	0.657	53.5
51460	51660	0.668	53.0
51461	51661	0.668	53.0
51462	51662	0.653	53.5
51463	51663	0.725	53.5
51464	51664	0.725	53.5
51465	51665	0.725	53.5
51466	51666	0.725	53.5
51467	51667	0.709	54.0
51468	51668	0.694	54.5
51469	51669	0.705	54.0
51470	51670	0.705	54.0
51471	51671	0.705	54.0
51472	51672	0.690	54.5
51473	51673	0.690	54.5
51474	51674	0.679	55.0
51475	51675	0.679	55.0
51476	51676	0.665	55.5
51477	51677	0.665	55.5
51478	51678	0.665	55.5
51479	51679	0.665	55.5
51480	51680	0.651	56.0
51481	51681	0.651	56.0
51482	51682	0.638	56.5
51483	51683	0.691	57.0
51484	51684	0.691	57.0
51485	51685	0.694	57.0
51486	51686	0.684	57.5
51487	51687	0.684	57.5
51488	51688	0.698	57.0
51489	51689	0.698	57.0
51490	51690	0.694	57.0
51491	51691	0.680	57.5
51492	51692	0.667	58.0
51493	51693	0.667	58.0
51494	51694	0.731	58.0
51495	51695	0.731	58.0
51496	51696	0.731	58.0
51497	51697	0.731	58.0
51498	51698	0.728	58.0
51499	51699	0.725	58.0
51500	51700	0.736	57.5
51501	51701	0.722	58.0
51502	51702	0.722	58.0
51503	51703	0.722	58.0
51504	51704	0.722	58.0
51505	51705	0.722	58.0
51506	51706	0.722	58.0
51507	51707	0.722	58.0
51508	51708	0.734	57.5
51509	51709	0.748	57.0
51510	51710	0.734	57.5
51511	51711	0.748	57.0
51512	51712	0.748	57.0
51513	51713	0.748	57.0
51514	51714	0.748	57.0
51515	51715	0.763	56.5
51516	51716	0.766	56.5
51517	51717	0.781	56.0
51518	51718	0.781	56.0
51519	51719	0.798	55.5
51520	51720	0.785	56.0
51521	51721	0.769	56.5
51522	51722	0.754	57.0
51523	51723	0.817	57.0
51524	51724	0.817	57.0
51525	51725	0.820	57.0
51526	51726	0.820	57.0
51527	51727	0.870	57.5
51528	51728	0.866	57.5
51529	51729	0.914	58.0
51530	51730	0.918	58.0
51531	51731	0.918	58.0
51532	51732	0.924	58.0
51533	51733	0.910	58.5
51534	51734	0.910	58.5
51535	51735	0.957	59.0
51536	51736	0.944	59.5
51537	51737	0.931	60.0
51538	51738	0.924	60.0
51539	51739	0.969	60.5
51540	51740	0.963	60.5
51541	51741	0.944	61.0
51542	51742	0.957	60.5
51543	51743	0.944	61.0
51544	51744	0.939	61.0
51545	51745	0.980	61.5
51546	51746	0.966	62.0
51547	51747	0.966	62.0
51548	51748	0.948	62.5
51549	51749	0.931	63.0
51550	51750	0.914	63.5
51551	51751	0.927	63.0
51552	51752	0.931	63.0
51553	51753	0.931	63.0
51554	51754	0.931	63.0
51555	51755	0.931	63.0
51556	51756	0.914	63.5
51557	51757	0.927	63.0
51558	51758	0.914	63.5
51559	51759	0.918	63.5
51560	51760	0.905	64.0
51561	51761	0.905	64.0
51562	51762	0.905	64.0
51563	51763	0.905	64.0
51564	51764	0.893	64.5
51565	51765	0.889	64.5
51566	51766	0.873	65.0
51567	51767	0.909	65.5
51568	51768	0.922	65.0
51569	51769	0.909	65.5
51570	51770	0.897	66.0
51571	51771	0.882	66.5
51572	51772	0.928	66.5
51573	51773	0.916	67.0
51574	51774	0.916	67.0
51575	51775	0.916	67.0
51576	51776	0.904	67.5
51577	51777	0.900	67.5
51578	51778	0.912	67.0
51579	51779	0.912	67.0
51580	51780	0.900	67.5
51581	51781	0.904	67.5
51582	51782	0.889	68.0
51583	51783	0.933	68.0
51584	51784	0.921	68.5
51585	51785	0.921	68.5
51586	51786	0.933	68.0
51587	51787	0.949	67.5
51588	51788	0.904	67.5
51589	51789	0.900	67.5
51590	51790	0.945	67.5
51591	51791	0.945	67.5
51592	51792	0.904	67.5
51593	51793	0.916	67.0
51594	51794	0.874	67.0
51595	51795	0.874	67.0
51596	51796	0.870	67.0
51597	51797	0.916	67.0
51598	51798	0.916	67.0
51599	51799	0.928	66.5
51600	51800	0.932	66.5
51601	51801	0.916	67.0
51602	51802	0.870	67.0
51603	51803	0.882	66.5
51604	51804	0.839	66.5
51605	51805	0.835	66.5
51606	51806	0.850	66.0
51607	51807	0.854	66.0
51608	51808	0.854	66.0
51609	51809	0.854	66.0
51610	51810	0.854	66.0
51611	51811	0.859	66.0
51612	51812	0.843	66.5
51613	51813	0.828	67.0
51614	51814	0.879	67.0
51615	51815	0.895	66.5
51616	51816	0.901	66.5
51617	51817	0.901	66.5
51618	51818	0.912	66.0
51619	51819	0.918	66.0
51620	51820	0.907	66.5
51621	51821	0.907	66.5
51622	51822	0.943	67.0
51623	51823	0.925	67.5
51624	51824	0.908	68.0
51625	51825	0.919	67.5
51626	51826	0.914	67.5
51627	51827	0.909	67.5
51628	51828	0.942	68.0
51629	51829	0.937	68.0
51630	51830	0.949	67.5
51631	51831	0.949	67.5
51632	51832	0.920	67.0
51633	51833	0.916	67.0
51634	51834	0.900	67.5
51635	51835	0.912	67.0
51636	51836	0.912	67.0
51637	51837	0.866	67.0
51638	51838	0.863	67.0
51639	51839	0.875	66.5
51640	51840	0.875	66.5
51641	51841	0.832	66.5
51642	51842	0.832	66.5
51643	51843	0.829	66.5
51644	51844	0.863	67.0
51645	51845	0.863	67.0
51646	51846	0.863	67.0
51647	51847	0.849	67.5
51648	51848	0.804	67.5
51649	51849	0.815	67.0
51650	51850	0.804	67.5
51651	51851	0.802	67.5
51652	51852	0.846	67.5
51653	51853	0.846	67.5
51654	51854	0.849	67.5
51655	51855	0.849	67.5
51656	51856	0.846	67.5
51657	51857	0.858	67.0
51658	51858	0.844	67.5
51659	51859	0.842	67.5
51660	51860	0.874	68.0
51661	51861	0.860	68.5
51662	51862	0.817	68.5
51663	51863	0.829	68.0
51664	51864	0.816	68.5
51665	51865	0.828	68.0
51666	51866	0.828	68.0
51667	51867	0.840	67.5
51668	51868	0.854	67.0
51669	51869	0.854	67.0
51670	51870	0.854	67.0
51671	51871	0.868	66.5
51672	51872	0.882	66.0
51673	51873	0.882	66.0
51674	51874	0.894	65.5
51675	51875	0.907	65.0
51676	51876	0.922	64.5
51677	51877	0.922	64.5
51678	51878	0.909	65.0
51679	51879	0.909	65.0
51680	51880	0.925	64.5
51681	51881	0.912	65.0
51682	51882	0.879	64.5
51683	51883	0.891	64.0
51684	51884	0.904	63.5
51685	51885	0.904	63.5
51686	51886	0.917	63.0
51687	51887	0.917	63.0
51688	51888	0.902	63.5
51689	51889	0.902	63.5
51690	51890	0.904	63.5
51691	51891	0.920	63.0
51692	51892	0.923	63.0
51693	51893	0.888	62.5
51694	51894	0.888	62.5
51695	51895	0.888	62.5
51696	51896	0.904	62.0
51697	51897	0.888	62.5
51698	51898	0.888	62.5
51699	51899	0.904	62.0
51700	51900	0.888	62.5
51701	51901	0.888	62.5
51702	51902	0.872	63.0
51703	51903	0.856	63.5
51704	51904	0.856	63.5
51705	51905	0.856	63.5
51706	51906	0.856	63.5
51707	51907	0.844	64.0
51708	51908	0.833	64.5
51709	51909	0.821	65.0
51710	51910	0.836	64.5
51711	51911	0.836	64.5
51712	51912	0.821	65.0
51713	51913	0.821	65.0
51714	51914	0.821	65.0
51715	51915	0.810	65.5
51716	51916	0.807	65.5
51717	51917	0.807	65.5
51718	51918	0.796	66.0
51719	51919	0.796	66.0
51720	51920	0.807	65.5
51721	51921	0.821	65.0
51722	51922	0.787	64.5
51723	51923	0.798	64.0
51724	51924	0.809	63.5
51725	51925	0.820	63.0
51726	51926	0.769	63.0
51727	51927	0.780	62.5
51728	51928	0.731	62.5
51729	51929	0.742	62.0
51730	51930	0.752	61.5
51731	51931	0.752	61.5
51732	51932	0.764	61.0
51733	51933	0.764	61.0
51734	51934	0.712	61.0
51735	51935	0.709	61.0
51736	51936	0.764	61.0
51737	51937	0.775	60.5
51738	51938	0.733	60.0
51739	51939	0.744	59.5
51740	51940	0.759	59.0
51741	51941	0.773	58.5
51742	51942	0.759	59.0
51743	51943	0.770	58.5
51744	51944	0.725	58.0
51745	51945	0.736	57.5
51746	51946	0.748	57.0
51747	51947	0.734	57.5
51748	51948	0.748	57.0
51749	51949	0.763	56.5
51750	51950	0.778	56.0
51751	51951	0.778	56.0
51752	51952	0.791	55.5
51753	51953	0.791	55.5
51754	51954	0.843	56.0
51755	51955	0.843	56.0
51756	51956	0.860	55.5
51757	51957	0.846	56.0
51758	51958	0.860	55.5
51759	51959	0.857	55.5
51760	51960	0.871	55.0
51761	51961	0.871	55.0
51762	51962	0.871	55.0
51763	51963	0.886	54.5
51764	51964	0.901	54.0
51765	51965	0.901	54.0
51766	51966	0.849	53.5
51767	51967	0.864	53.0
51768	51968	0.864	53.0
51769	51969	0.861	53.0
51770	51970	0.933	53.0
51771	51971	0.879	52.5
51772	51972	0.879	52.5
51773	51973	0.879	52.5
51774	51974	0.895	52.0
51775	51975	0.877	52.5
51776	51976	0.950	52.5
51777	51977	0.970	52.0
51778	51978	0.950	52.5
51779	51979	1.005	53.0
51780	51980	1.023	52.5
51781	51981	1.042	52.0
51782	51982	0.970	52.0
51783	51983	0.988	51.5
51784	51984	0.988	51.5
51785	51985	1.006	51.0
51786	51986	1.006	51.0
51787	51987	0.988	51.5
51788	51988	1.008	51.0
51789	51989	0.950	50.5
51790	51990	0.948	50.5
88293	88493	0.618	50.5
88304	88504	0.637	50.5
88305	88505	0.637	50.5
88306	88506	0.637	50.5
88307	88507	0.637	50.5
88309	88509	0.637	50.5
88310	88510	0.637	50.5
88311	88511	0.637	50.5
88312	88512	0.717	50.5
88314	88514	0.706	50.5
88315	88515	0.609	50.5
88316	88516	0.618	50.5
88317	88517	0.609	51.0
88319	88519	0.676	51.5
88320	88520	0.666	52.0
88321	88521	0.656	52.5
88322	88522	0.666	52.0
88323	88523	0.666	52.0
88324	88524	0.656	52.5
88325	88525	0.647	53.0
88326	88526	0.666	52.5
88327	88527	0.686	52.0
88328	88528	0.696	51.5
88329	88529	0.696	51.5
88330	88530	0.696	51.5
88331	88531	0.696	51.5
88332	88532	0.676	52.0
88333	88533	0.666	52.5
88334	88534	0.666	52.5
88335	88535	0.666	52.5
88336	88536	0.666	52.5
88337	88537	0.666	52.5
88338	88538	0.686	52.0
88339	88539	0.696	51.5
88340	88540	0.696	51.5
88341	88541	0.685	51.5
88342	88542	0.685	51.5
88343	88543	0.685	51.5
88344	88544	0.685	51.5
88345	88545	0.676	52.0
88346	88546	0.676	52.0
88347	88547	0.656	52.5
88348	88548	0.656	52.5
88349	88549	0.656	52.5
88350	88550	0.647	52.5
88351	88551	0.638	53.0
88352	88552	0.638	53.0
88353	88553	0.638	53.0
88354	88554	0.638	53.0
88355	88555	0.638	53.0
88356	88556	0.647	52.5
88357	88557	0.647	52.5
88358	88558	0.647	52.5
88359	88559	0.647	52.5
88360	88560	0.647	52.5
88361	88561	0.639	52.5
88362	88562	0.657	52.0
88363	88563	0.667	51.5
88364	88564	0.657	52.0
88365	88565	0.657	52.0
88366	88566	0.657	52.0
88367	88567	0.657	52.0
88368	88568	0.649	52.0
88369	88569	0.639	52.5
88370	88570	0.657	52.0
88371	88571	0.657	52.0
88372	88572	0.676	51.5
88373	88573	0.685	51.5
88374	88574	0.685	51.5
88375	88575	0.676	52.0
88376	88576	0.738	52.5
88377	88577	0.749	52.0
88378	88578	0.739	52.0
88379	88579	0.730	52.0
88380	88580	0.721	52.0
88381	88581	0.711	52.5
88382	88582	0.721	52.0
88383	88583	0.721	52.0
88384	88584	0.711	52.5
88385	88585	0.721	52.0
88386	88586	0.641	52.0
88387	88587	0.658	51.5
88392	88592	0.601	50.5
88396	88596	0.609	50.5
88408	88608	0.609	50.5
88410	88610	0.601	50.5
88428	88628	0.618	50.5
88429	88629	0.618	50.5
88430	88630	0.618	50.5
88431	88631	0.618	50.5
88432	88632	0.618	50.5
88433	88633	0.609	51.0
88434	88634	0.627	50.5
88435	88635	0.609	51.0
88436	88636	0.618	50.5
88437	88637	0.609	51.0
88439	88639	0.609	51.0
88450	88650	0.600	51.0
88451	88651	0.618	50.5
88452	88652	0.600	51.0