=== Задание 1: PFM → PPM → PWM ===
Сайты:
  GAGGTAAAC
  TCCGTAAGC
  CAGGTTGGA
  ACAGTCAGC
  TAGGTCAGC
  CAGGTCAGC
  CAGGTCGAT
  CAGGTCAGC
  CAGGTCAGC
  CAGGTTGGC

PFM (строки A,C,G,T):
[[ 1  8  1  0  0  2  7  2  1]
 [ 6  2  1  0  0  6  0  0  8]
 [ 1  0  8 10  0  0  3  8  0]
 [ 2  0  0  0 10  2  0  0  1]]

PPM:
[[0.1058 0.7788 0.1058 0.0096 0.0096 0.2019 0.6827 0.2019 0.1058]
 [0.5865 0.2019 0.1058 0.0096 0.0096 0.5865 0.0096 0.0096 0.7788]
 [0.1058 0.0096 0.7788 0.9712 0.0096 0.0096 0.2981 0.7788 0.0096]
 [0.2019 0.0096 0.0096 0.0096 0.9712 0.2019 0.0096 0.0096 0.1058]]

PWM (log2):
[[-1.480 1.401 -1.480 -4.939 -4.939 -0.547 1.211 -0.547 -1.480]
 [1.517 -0.022 -0.955 -4.414 -4.414 1.517 -4.414 -4.414 1.926]
 [-0.955 -4.414 1.926 2.244 -4.414 -4.414 0.540 1.926 -4.414]
 [-0.547 -4.939 -4.939 -4.939 1.719 -0.547 -4.939 -4.939 -1.480]]

Максимальный теоретический скор: 15.385
Последовательность с максимальным скором: CAGGTCAGC
Минимальный теоретический скор: -39.943
Последовательность с минимальным скором: ATTAAGTTG